OBJID,RA,DEC,NVOTE,P_EL,P_CW,P_ACW,P_EDGE,P_DK,P_MG,P_CS,P_EL_DEBIASED,P_CS_DEBIASED,SPIRAL,ELLIPTICAL,UNCERTAIN
587727178986356823,00:00:00.41,-10:22:25.7,59,0.61,0.034,0.0,0.153,0.153,0.051,0.186,0.61,0.186,0,0,1
587727227300741210,00:00:00.74,-09:13:20.2,18,0.611,0.0,0.167,0.222,0.0,0.0,0.389,0.203,0.797,1,0,0
587727225153257596,00:00:01.03,-10:56:48.0,68,0.735,0.029,0.0,0.147,0.074,0.015,0.176,0.432,0.428,0,0,1
587730774962536596,00:00:01.38,+15:30:35.3,52,0.885,0.019,0.0,0.058,0.019,0.019,0.077,0.885,0.077,0,1,0
587731186203885750,00:00:01.55,-00:05:33.3,59,0.712,0.0,0.0,0.22,0.068,0.0,0.22,0.64,0.29,0,0,1
587727180060098638,00:00:01.57,-09:29:40.3,28,0.857,0.0,0.036,0.0,0.107,0.0,0.036,0.83,0.06,0,0,1
587731187277627676,00:00:01.86,+00:43:09.3,38,0.5,0.0,0.053,0.289,0.105,0.053,0.342,0.351,0.473,0,0,1
587727223024189605,00:00:02.00,+15:41:49.8,26,0.423,0.0,0.0,0.577,0.0,0.0,0.577,0.143,0.857,1,0,0
587730775499407375,00:00:02.10,+15:52:54.2,62,0.355,0.016,0.21,0.323,0.0,0.097,0.548,0.355,0.548,0,0,1
587727221950382424,00:00:02.41,+14:49:19.0,31,0.484,0.129,0.065,0.258,0.065,0.0,0.452,0.109,0.789,1,0,0
587730774425665704,00:00:02.58,+15:02:28.3,24,0.583,0.042,0.125,0.167,0.083,0.0,0.333,0.147,0.701,0,0,1
587730773888794751,00:00:02.82,+14:42:55.9,26,0.654,0.077,0.0,0.077,0.192,0.0,0.154,0.621,0.185,0,0,1
588015507658768464,00:00:03.24,-01:06:46.8,57,0.474,0.088,0.0,0.263,0.175,0.0,0.351,0.324,0.48,0,0,1
587727178449485858,00:00:03.33,-10:43:16.0,24,0.125,0.0,0.0,0.875,0.0,0.0,0.875,0.024,0.976,1,0,0
587730773351858407,00:00:03.46,+14:11:53.6,64,0.625,0.016,0.016,0.25,0.078,0.016,0.281,0.245,0.597,0,0,1
587731187277693069,00:00:04.12,+00:45:07.9,30,0.933,0.0,0.033,0.0,0.033,0.0,0.033,0.913,0.054,0,1,0
587727227837612116,00:00:04.18,-08:44:03.0,37,0.73,0.0,0.081,0.135,0.054,0.0,0.216,0.648,0.295,0,0,1
587727225153257606,00:00:04.60,-10:58:34.7,30,0.6,0.0,0.0,0.133,0.233,0.033,0.133,0.368,0.264,0,0,1
587727180596969574,00:00:04.60,-08:56:37.6,30,0.167,0.333,0.033,0.467,0.0,0.0,0.833,0.075,0.925,1,0,0
587731187277693072,00:00:04.74,+00:46:54.2,36,0.722,0.083,0.111,0.083,0.0,0.0,0.278,0.606,0.394,0,0,1
587727227300741221,00:00:05.17,-09:13:04.6,66,0.424,0.0,0.03,0.061,0.03,0.455,0.091,0.335,0.133,0,0,1
588015507658768548,00:00:05.54,-01:12:58.9,28,0.179,0.0,0.429,0.321,0.071,0.0,0.75,0.061,0.861,0,0,1
587727221413511423,00:00:05.70,+14:24:44.8,56,0.321,0.036,0.339,0.143,0.125,0.036,0.518,0.069,0.721,0,0,1
587730775499407519,00:00:06.11,+15:52:31.4,58,0.828,0.017,0.0,0.086,0.069,0.0,0.103,0.556,0.326,0,0,1
588015509806252152,00:00:06.67,+00:30:16.8,38,0.711,0.0,0.0,0.132,0.158,0.0,0.132,0.612,0.216,0,0,1
587727221413511425,00:00:06.70,+14:19:58.5,55,0.818,0.036,0.0,0.036,0.109,0.0,0.073,0.818,0.073,0,1,0
588015510343123099,00:00:07.12,+00:51:28.5,47,0.766,0.021,0.043,0.149,0.021,0.0,0.213,0.602,0.373,0,0,1
587727220876640496,00:00:07.35,+13:54:36.6,24,0.833,0.0,0.0,0.125,0.042,0.0,0.125,0.645,0.301,0,0,1
587730775499407506,00:00:07.37,+15:51:19.2,31,0.742,0.0,0.065,0.0,0.097,0.097,0.065,0.513,0.183,0,0,1
587730775499407527,00:00:07.59,+15:54:07.4,50,0.8,0.02,0.0,0.08,0.1,0.0,0.1,0.41,0.362,0,0,1
587730775499407394,00:00:07.62,+15:50:03.2,31,1.0,0.0,0.0,0.0,0.0,0.0,0.0,1.0,0.0,0,1,0
588015508195639450,00:00:07.76,-00:43:24.9,42,0.429,0.238,0.0,0.119,0.214,0.0,0.357,0.106,0.579,0,0,1
587731186203951236,00:00:07.82,-00:02:26.1,31,0.226,0.581,0.032,0.161,0.0,0.0,0.774,0.226,0.774,0,0,1
587730773888794640,00:00:08.09,+14:32:45.7,33,0.273,0.03,0.242,0.061,0.121,0.273,0.333,0.09,0.435,0,0,1
587730772815052960,00:00:08.50,+13:44:41.4,22,0.682,0.0,0.045,0.273,0.0,0.0,0.318,0.334,0.666,1,0,0
587727221413576845,00:00:08.58,+14:30:59.3,61,0.328,0.066,0.213,0.328,0.066,0.0,0.607,0.056,0.856,1,0,0
587730774962536636,00:00:09.02,+15:26:14.4,31,0.806,0.0,0.097,0.097,0.0,0.0,0.194,0.473,0.527,1,0,0
587730773351923927,00:00:09.56,+14:14:36.1,51,0.471,0.059,0.118,0.078,0.275,0.0,0.255,0.155,0.438,0,0,1
587731187277693087,00:00:10.12,+00:38:03.4,43,0.767,0.047,0.023,0.14,0.023,0.0,0.209,0.7,0.276,0,0,1
587730772815052965,00:00:10.65,+13:47:46.8,34,0.735,0.029,0.088,0.088,0.059,0.0,0.206,0.69,0.25,0,0,1
587727223024189636,00:00:11.10,+15:42:12.8,27,0.815,0.037,0.0,0.074,0.074,0.0,0.111,0.505,0.358,0,0,1
587727177912615038,00:00:11.37,-11:11:23.4,31,0.742,0.032,0.0,0.065,0.161,0.0,0.097,0.529,0.241,0,0,1
588015508195639389,00:00:11.61,-00:38:38.3,55,0.273,0.0,0.055,0.655,0.0,0.018,0.709,0.084,0.894,1,0,0
588015510343123103,00:00:11.61,+01:01:50.6,28,0.643,0.0,0.036,0.25,0.071,0.0,0.286,0.182,0.677,0,0,1
587727225690128567,00:00:12.35,-10:32:10.7,54,0.185,0.019,0.037,0.704,0.037,0.019,0.759,0.043,0.894,1,0,0
587731187814563977,00:00:12.79,+01:07:12.7,28,0.036,0.929,0.0,0.0,0.0,0.036,0.929,0.036,0.929,1,0,0
587727180596969596,00:00:12.91,-09:00:36.8,26,0.692,0.0,0.0,0.231,0.077,0.0,0.231,0.252,0.594,0,0,1
587730775499407554,00:00:13.13,+15:52:54.0,68,0.779,0.015,0.0,0.074,0.103,0.029,0.088,0.55,0.247,0,0,1
587730773888794784,00:00:13.19,+14:35:30.1,33,0.515,0.0,0.212,0.212,0.061,0.0,0.424,0.186,0.725,1,0,0
588015507658768490,00:00:13.44,-01:12:49.0,25,0.12,0.64,0.0,0.2,0.04,0.0,0.84,0.061,0.898,1,0,0
587731187277693100,00:00:13.84,+00:39:12.2,38,0.5,0.026,0.053,0.342,0.053,0.026,0.421,0.162,0.721,1,0,0
587727225690128575,00:00:14.09,-10:28:45.9,67,0.94,0.0,0.0,0.015,0.045,0.0,0.015,0.927,0.028,0,1,0
587730773351923955,00:00:14.45,+14:12:41.8,44,0.5,0.159,0.068,0.227,0.045,0.0,0.455,0.25,0.693,1,0,0
587727220876705819,00:00:14.60,+13:55:32.3,32,0.812,0.0,0.0,0.094,0.094,0.0,0.094,0.716,0.18,0,1,0
587731187277693107,00:00:14.75,+00:40:28.3,30,0.533,0.067,0.2,0.167,0.033,0.0,0.433,0.215,0.738,0,0,1
587727223024189761,00:00:14.92,+15:43:42.6,34,0.265,0.324,0.0,0.382,0.029,0.0,0.706,0.04,0.922,1,0,0
587727179523227787,00:00:15.44,-09:53:16.5,23,0.739,0.0,0.0,0.087,0.087,0.087,0.087,0.696,0.125,0,0,1
587727227837612151,00:00:15.73,-08:53:27.9,27,0.778,0.0,0.037,0.185,0.0,0.0,0.222,0.714,0.286,0,0,1
587730773888794804,00:00:16.27,+14:43:59.3,42,0.024,0.0,0.119,0.381,0.0,0.476,0.5,0.0070,0.51,0,0,1
587727223024189652,00:00:16.76,+15:41:40.2,20,0.7,0.0,0.1,0.2,0.0,0.0,0.3,0.476,0.524,1,0,0
587730774425665731,00:00:16.90,+15:02:08.1,36,0.583,0.0,0.0,0.361,0.056,0.0,0.361,0.39,0.546,1,0,0
587730774962536536,00:00:17.63,+15:25:53.0,28,0.821,0.0,0.036,0.036,0.071,0.036,0.071,0.819,0.074,0,1,0
587730773888794808,00:00:18.17,+14:31:40.7,25,0.72,0.04,0.0,0.04,0.12,0.08,0.08,0.688,0.109,0,0,1
587727223024189655,00:00:18.63,+15:43:27.7,34,0.706,0.0,0.206,0.059,0.0,0.029,0.265,0.411,0.546,0,0,1
587727225153323053,00:00:19.03,-10:52:59.0,59,0.559,0.0,0.068,0.22,0.153,0.0,0.288,0.412,0.417,0,0,1
587727226763935842,00:00:19.29,-09:37:55.2,26,0.346,0.038,0.038,0.577,0.0,0.0,0.654,0.083,0.917,1,0,0
587727226763935847,00:00:19.70,-09:41:42.5,62,0.5,0.048,0.0,0.242,0.161,0.048,0.29,0.277,0.459,0,0,1
587730775499407589,00:00:19.84,+15:53:42.4,66,0.712,0.0,0.03,0.091,0.167,0.0,0.121,0.442,0.299,0,0,1
587727221413576892,00:00:19.89,+14:22:19.6,36,0.417,0.028,0.167,0.361,0.028,0.0,0.556,0.11,0.851,1,0,0
587730772815052911,00:00:20.06,+13:50:01.6,57,0.386,0.246,0.018,0.316,0.035,0.0,0.579,0.114,0.84,1,0,0
587730773351923978,00:00:20.24,+14:11:09.9,32,0.094,0.0,0.0,0.062,0.031,0.812,0.062,0.083,0.067,0,0,1
587727178986356855,00:00:20.55,-10:20:48.8,44,0.636,0.068,0.023,0.205,0.068,0.0,0.295,0.343,0.561,0,0,1
587731186740822193,00:00:20.94,+00:12:54.3,29,0.138,0.034,0.724,0.103,0.0,0.0,0.862,0.041,0.959,1,0,0
587727220876705961,00:00:22.47,+14:03:02.7,22,0.773,0.0,0.0,0.045,0.182,0.0,0.045,0.753,0.064,0,0,1
587727223561060510,00:00:22.85,+16:08:52.4,25,0.8,0.0,0.04,0.16,0.0,0.0,0.2,0.696,0.304,0,0,1
587727225690194040,00:00:24.34,-10:24:12.1,25,0.84,0.04,0.0,0.0,0.12,0.0,0.04,0.756,0.105,0,0,1
587727178449485973,00:00:24.94,-10:48:01.8,32,0.312,0.0,0.0,0.594,0.094,0.0,0.594,0.168,0.728,0,0,1
587731185667080362,00:00:25.28,-00:25:41.1,56,0.857,0.0,0.0,0.036,0.107,0.0,0.036,0.736,0.121,0,0,1
588015509806252189,00:00:26.31,+00:35:50.8,26,0.654,0.0,0.0,0.231,0.115,0.0,0.231,0.394,0.447,0,0,1
587730775499407616,00:00:26.65,+15:54:45.2,23,0.739,0.043,0.0,0.174,0.043,0.0,0.217,0.352,0.567,1,0,0
587730774425665764,00:00:27.47,+14:57:44.9,33,0.273,0.485,0.03,0.212,0.0,0.0,0.727,0.061,0.939,1,0,0
587727221950447759,00:00:27.65,+14:56:24.7,54,0.352,0.037,0.019,0.185,0.074,0.333,0.241,0.162,0.34,0,0,1
587731185667080368,00:00:27.98,-00:26:53.5,60,0.817,0.0,0.017,0.067,0.1,0.0,0.083,0.814,0.086,0,0,1
587727221413576917,00:00:28.07,+14:22:52.4,30,0.5,0.033,0.067,0.4,0.0,0.0,0.5,0.111,0.889,1,0,0
587727221413576925,00:00:28.20,+14:25:09.8,65,0.338,0.446,0.015,0.154,0.046,0.0,0.615,0.066,0.872,1,0,0
587727223024189705,00:00:29.09,+15:42:53.2,25,0.28,0.16,0.0,0.56,0.0,0.0,0.72,0.182,0.818,1,0,0
587730773888794840,00:00:29.30,+14:37:31.4,30,0.833,0.0,0.067,0.067,0.033,0.0,0.133,0.761,0.204,0,1,0
587727178449551429,00:00:30.00,-10:38:25.1,20,0.0,0.0,0.55,0.05,0.05,0.35,0.6,0.0,0.6,0,0,1
587727180596969634,00:00:30.34,-08:57:07.4,30,0.8,0.0,0.0,0.067,0.133,0.0,0.067,0.574,0.211,0,0,1
588015507658833996,00:00:30.88,-01:12:46.8,38,0.184,0.711,0.0,0.079,0.026,0.0,0.789,0.13,0.843,0,0,1
587727223024189538,00:00:30.95,+15:35:09.4,54,0.833,0.037,0.019,0.093,0.019,0.0,0.148,0.63,0.345,0,0,1
587727180060164172,00:00:31.37,-09:27:56.1,31,0.806,0.065,0.0,0.129,0.0,0.0,0.194,0.589,0.411,0,0,1
587727223561060532,00:00:31.87,+16:06:44.7,46,0.065,0.022,0.087,0.804,0.022,0.0,0.913,0.011,0.966,1,0,0
587727225690194053,00:00:31.99,-10:33:22.1,30,0.733,0.0,0.0,0.133,0.1,0.033,0.133,0.697,0.168,0,0,1
587730773888794851,00:00:32.40,+14:34:54.6,31,0.516,0.0,0.129,0.194,0.161,0.0,0.323,0.144,0.596,0,0,1
587727222487318755,00:00:33.77,+15:11:02.0,50,0.42,0.02,0.1,0.28,0.16,0.02,0.4,0.169,0.598,0,0,1
587730773888794865,00:00:34.20,+14:37:09.2,75,0.24,0.053,0.0,0.693,0.0,0.013,0.747,0.053,0.931,1,0,0
587727178449551441,00:00:34.64,-10:39:29.7,33,0.788,0.0,0.061,0.061,0.091,0.0,0.121,0.638,0.253,0,0,1
588015510343188539,00:00:34.76,+00:51:26.8,31,0.774,0.0,0.0,0.226,0.0,0.0,0.226,0.471,0.529,1,0,0
587727222487318769,00:00:35.38,+15:13:54.4,59,0.085,0.0,0.678,0.237,0.0,0.0,0.915,0.031,0.969,1,0,0
587727223024189732,00:00:36.55,+15:45:57.7,29,0.828,0.0,0.0,0.034,0.103,0.034,0.034,0.782,0.072,0,0,1
587727221413576798,00:00:36.82,+14:27:42.6,38,0.895,0.0,0.0,0.079,0.026,0.0,0.079,0.859,0.114,0,1,0
587727226763935873,00:00:36.87,-09:41:55.0,56,0.696,0.071,0.036,0.036,0.161,0.0,0.143,0.545,0.264,0,0,1
587727177912680538,00:00:37.17,-11:02:07.6,58,0.259,0.017,0.0,0.086,0.121,0.517,0.103,0.257,0.105,0,0,1
587730773888794734,00:00:38.14,+14:37:24.9,33,0.485,0.0,0.091,0.333,0.03,0.061,0.424,0.149,0.717,0,0,1
587730773888794890,00:00:38.69,+14:35:48.2,19,0.0,1.0,0.0,0.0,0.0,0.0,1.0,0.0,1.0,1,0,0
587727221950447853,00:00:38.70,+14:53:40.8,30,0.5,0.0,0.033,0.333,0.133,0.0,0.367,0.5,0.367,0,0,1
587730774962602125,00:00:38.73,+15:24:27.3,29,0.31,0.103,0.0,0.552,0.034,0.0,0.655,0.123,0.837,1,0,0
587731186204016720,00:00:39.31,-00:00:48.2,36,0.417,0.111,0.0,0.444,0.028,0.0,0.556,0.207,0.76,1,0,0
587727177912680543,00:00:39.86,-11:09:27.7,29,0.931,0.034,0.0,0.0,0.034,0.0,0.034,0.931,0.034,0,1,0
588015507658834026,00:00:39.96,-01:11:28.4,52,0.596,0.038,0.038,0.231,0.077,0.019,0.308,0.251,0.6,0,0,1
587730775499472924,00:00:40.03,+15:56:51.8,33,0.909,0.0,0.03,0.0,0.061,0.0,0.03,0.909,0.03,0,1,0
587730773888860322,00:00:40.04,+14:33:07.7,53,0.925,0.0,0.0,0.019,0.057,0.0,0.019,0.925,0.019,0,1,0
588015509269446823,00:00:40.21,+00:09:23.5,27,0.741,0.0,0.037,0.074,0.148,0.0,0.111,0.741,0.111,0,0,1
588015510343188544,00:00:40.28,+00:56:34.1,28,0.893,0.107,0.0,0.0,0.0,0.0,0.107,0.496,0.504,0,0,1
587727226763935989,00:00:40.39,-09:40:22.2,58,0.517,0.034,0.052,0.241,0.155,0.0,0.328,0.262,0.535,0,0,1
588015509269446824,00:00:40.44,+00:01:38.7,30,0.467,0.0,0.0,0.5,0.033,0.0,0.5,0.252,0.708,1,0,0
587727222487384201,00:00:40.68,+15:19:19.3,57,0.719,0.0,0.0,0.246,0.035,0.0,0.246,0.523,0.435,1,0,0
587730774962602133,00:00:40.94,+15:23:15.5,33,0.727,0.0,0.0,0.152,0.121,0.0,0.152,0.412,0.386,0,0,1
587727221413577010,00:00:41.28,+14:29:25.4,32,0.812,0.125,0.0,0.062,0.0,0.0,0.188,0.811,0.189,0,1,0
587731185130274887,00:00:41.30,-00:57:19.5,32,0.719,0.031,0.0,0.031,0.094,0.125,0.062,0.678,0.096,0,0,1
587727221413577013,00:00:42.17,+14:30:23.1,21,0.095,0.0,0.0,0.905,0.0,0.0,0.905,0.022,0.978,1,0,0
587727180597035118,00:00:42.47,-08:56:05.8,32,0.812,0.0,0.062,0.125,0.0,0.0,0.188,0.779,0.221,0,0,1
587727221413577017,00:00:43.55,+14:31:29.5,31,0.645,0.0,0.032,0.129,0.097,0.097,0.161,0.627,0.179,0,0,1
587727225690194112,00:00:43.73,-10:25:21.5,40,0.6,0.0,0.075,0.175,0.15,0.0,0.25,0.356,0.446,0,0,1
587731187277758607,00:00:44.15,+00:40:22.8,27,0.963,0.0,0.0,0.037,0.0,0.0,0.037,0.923,0.077,0,1,0
587730775499473092,00:00:44.54,+15:55:14.1,35,0.743,0.029,0.029,0.0,0.114,0.086,0.057,0.72,0.078,0,0,1
587727227837677646,00:00:44.55,-08:43:33.6,52,0.538,0.135,0.0,0.154,0.173,0.0,0.288,0.217,0.525,0,0,1
587727225690194001,00:00:44.79,-10:24:20.9,35,0.0,0.943,0.0,0.057,0.0,0.0,1.0,0.0,1.0,1,0,0
587730775499473096,00:00:44.94,+15:51:13.4,64,0.812,0.0,0.047,0.062,0.078,0.0,0.109,0.527,0.338,0,0,1
587731185667145775,00:00:45.15,-00:29:57.2,66,0.197,0.03,0.47,0.136,0.091,0.076,0.636,0.031,0.772,0,0,1
587727220876706008,00:00:45.60,+14:04:28.8,27,0.0,0.037,0.037,0.926,0.0,0.0,1.0,0.0,1.0,1,0,0
587730775499473100,00:00:45.81,+15:58:33.7,29,0.862,0.0,0.0,0.034,0.103,0.0,0.034,0.734,0.123,0,0,1
588015509269446865,00:00:46.32,+00:03:54.9,38,0.868,0.026,0.026,0.053,0.026,0.0,0.105,0.815,0.158,0,0,1
587730773888860376,00:00:46.47,+14:38:13.0,38,0.553,0.026,0.026,0.368,0.026,0.0,0.421,0.247,0.716,1,0,0
587730773351989396,00:00:47.09,+14:18:46.5,55,0.582,0.0,0.055,0.127,0.236,0.0,0.182,0.458,0.279,0,0,1
587727178449551464,00:00:47.12,-10:48:09.0,55,0.345,0.0,0.255,0.327,0.073,0.0,0.582,0.114,0.796,1,0,0
587730773351989400,00:00:47.89,+14:16:39.1,19,0.263,0.0,0.0,0.737,0.0,0.0,0.737,0.247,0.753,0,0,1
587730773888860382,00:00:48.56,+14:33:08.7,66,0.545,0.0,0.061,0.288,0.106,0.0,0.348,0.359,0.517,0,0,1
587727220876771447,00:00:48.83,+14:00:33.5,28,0.714,0.0,0.0,0.143,0.143,0.0,0.143,0.697,0.16,0,0,1
587730774425731294,00:00:49.53,+14:58:27.6,31,0.839,0.0,0.0,0.129,0.032,0.0,0.129,0.812,0.155,0,1,0
587727222487384226,00:00:50.19,+15:21:44.2,39,0.923,0.026,0.0,0.026,0.0,0.026,0.051,0.914,0.06,0,1,0
588015510343188560,00:00:50.31,+00:54:39.1,26,0.615,0.0,0.038,0.346,0.0,0.0,0.385,0.185,0.815,1,0,0
587727222487384354,00:00:50.77,+15:12:34.1,56,0.375,0.357,0.018,0.25,0.0,0.0,0.625,0.352,0.648,0,0,1
587727225153388647,00:00:50.85,-10:59:59.2,29,0.345,0.034,0.448,0.103,0.069,0.0,0.586,0.195,0.729,1,0,0
587730773351989409,00:00:50.92,+14:14:10.3,58,0.759,0.034,0.017,0.121,0.069,0.0,0.172,0.51,0.392,0,0,1
587730773351989412,00:00:51.12,+14:15:07.0,60,0.633,0.05,0.017,0.233,0.017,0.05,0.3,0.281,0.613,0,0,1
587727223024254995,00:00:51.13,+15:42:53.7,31,0.645,0.032,0.0,0.226,0.097,0.0,0.258,0.611,0.292,0,0,1
587727222487384242,00:00:51.41,+15:15:03.0,34,0.294,0.559,0.029,0.088,0.0,0.029,0.676,0.066,0.897,1,0,0
588015510343188562,00:00:51.56,+00:53:23.9,25,1.0,0.0,0.0,0.0,0.0,0.0,0.0,1.0,0.0,0,1,0
588015507658834049,00:00:51.75,-01:11:53.9,27,0.815,0.0,0.0,0.111,0.074,0.0,0.111,0.815,0.111,0,1,0
587727225690259613,00:00:52.08,-10:35:13.0,32,0.125,0.594,0.031,0.25,0.0,0.0,0.875,0.04,0.96,1,0,0
587727178986422396,00:00:52.09,-10:17:06.1,32,0.844,0.062,0.0,0.031,0.0,0.062,0.094,0.735,0.194,0,0,1
587727227837677663,00:00:52.21,-08:44:39.9,58,0.621,0.0,0.034,0.276,0.069,0.0,0.31,0.578,0.353,0,0,1
587727180060164141,00:00:52.21,-09:31:51.4,33,0.242,0.091,0.061,0.515,0.061,0.03,0.667,0.055,0.836,1,0,0
587727223561126032,00:00:52.33,+16:07:59.9,37,0.541,0.108,0.027,0.297,0.027,0.0,0.432,0.121,0.832,1,0,0
587727223561126029,00:00:52.52,+16:05:35.8,56,0.821,0.0,0.0,0.071,0.018,0.089,0.071,0.815,0.078,0,1,0
587730775499472980,00:00:52.85,+15:55:27.2,28,0.321,0.036,0.357,0.179,0.107,0.0,0.571,0.053,0.804,1,0,0
587727221413642408,00:00:52.91,+14:24:48.7,28,0.0,0.0,0.0,1.0,0.0,0.0,1.0,0.0,1.0,1,0,0
588015507658833960,00:00:52.97,-01:10:20.5,22,0.682,0.091,0.0,0.0,0.091,0.136,0.091,0.664,0.108,0,0,1
588015507658834052,00:00:53.51,-01:06:55.0,32,0.906,0.094,0.0,0.0,0.0,0.0,0.094,0.755,0.245,0,0,1
587730774962602170,00:00:53.65,+15:33:50.8,58,0.724,0.034,0.017,0.172,0.052,0.0,0.224,0.34,0.566,0,0,1
587730772815118492,00:00:53.85,+13:50:14.3,23,0.609,0.0,0.0,0.348,0.043,0.0,0.348,0.609,0.348,0,0,1
587730773888860402,00:00:54.06,+14:40:18.1,61,0.59,0.033,0.016,0.18,0.18,0.0,0.23,0.342,0.416,0,0,1
587730773351989417,00:00:54.08,+14:07:43.0,25,0.32,0.0,0.0,0.68,0.0,0.0,0.68,0.124,0.876,1,0,0
587730773351989425,00:00:54.52,+14:12:58.5,29,0.207,0.0,0.034,0.621,0.034,0.103,0.655,0.043,0.796,1,0,0
587727177912680599,00:00:54.57,-11:01:03.8,26,0.692,0.0,0.0,0.077,0.231,0.0,0.077,0.691,0.078,0,0,1
587727222487384249,00:00:54.75,+15:13:07.4,25,0.56,0.0,0.24,0.16,0.04,0.0,0.4,0.395,0.56,0,0,1
587727177912680556,00:00:54.77,-11:11:52.0,30,0.567,0.0,0.033,0.1,0.267,0.033,0.133,0.413,0.229,0,0,1
587727222487384251,00:00:55.12,+15:21:19.9,57,0.895,0.0,0.0,0.035,0.035,0.035,0.035,0.878,0.051,0,0,1
587731187277758645,00:00:55.23,+00:43:56.3,55,0.782,0.0,0.073,0.127,0.018,0.0,0.2,0.714,0.267,0,0,1
587727220876771461,00:00:55.70,+14:01:06.3,53,0.849,0.038,0.038,0.019,0.057,0.0,0.094,0.6,0.306,0,0,1
587727223561126046,00:00:56.33,+16:05:33.7,31,0.903,0.0,0.0,0.032,0.065,0.0,0.032,0.735,0.155,0,0,1
587731187277758650,00:00:56.53,+00:45:46.1,29,0.724,0.0,0.034,0.207,0.034,0.0,0.241,0.544,0.415,0,0,1
588015507658834108,00:00:57.31,-01:06:53.4,30,0.033,0.9,0.067,0.0,0.0,0.0,0.967,0.0060,0.994,1,0,0
587727222487384267,00:00:57.57,+15:16:41.7,30,0.833,0.033,0.0,0.067,0.067,0.0,0.1,0.554,0.328,0,0,1
587730773351989442,00:00:57.85,+14:11:25.5,44,0.341,0.0,0.409,0.182,0.045,0.023,0.591,0.073,0.837,1,0,0
587730774962602177,00:00:57.96,+15:23:36.2,34,0.5,0.147,0.088,0.206,0.059,0.0,0.441,0.085,0.815,1,0,0
587727221950513325,00:00:58.02,+14:51:51.6,26,0.808,0.038,0.0,0.077,0.077,0.0,0.115,0.448,0.393,0,0,1
587730773888860521,00:00:58.64,+14:32:40.6,22,0.318,0.136,0.045,0.318,0.182,0.0,0.5,0.102,0.673,0,0,1
587730774425731324,00:01:00.02,+15:03:52.7,40,0.375,0.075,0.025,0.5,0.0,0.025,0.6,0.07,0.895,1,0,0
587727226764001335,00:01:00.19,-09:36:12.4,27,1.0,0.0,0.0,0.0,0.0,0.0,0.0,1.0,0.0,0,1,0
587730775499473002,00:01:01.48,+15:57:36.8,69,0.681,0.0,0.014,0.13,0.174,0.0,0.145,0.669,0.157,0,0,1
587727221950513341,00:01:01.64,+14:51:16.7,38,0.184,0.395,0.026,0.342,0.053,0.0,0.763,0.033,0.906,1,0,0
588015508732575842,00:01:02.71,-00:15:25.6,26,0.423,0.0,0.115,0.346,0.115,0.0,0.462,0.127,0.714,0,0,1
588015509269512315,00:01:02.82,+00:04:11.9,36,0.778,0.0,0.0,0.028,0.139,0.056,0.028,0.721,0.065,0,0,1
587727223561126070,00:01:04.13,+16:03:41.2,57,0.421,0.0,0.088,0.456,0.035,0.0,0.544,0.167,0.788,1,0,0
587731187814629416,00:01:04.28,+01:10:57.7,71,0.887,0.0,0.0,0.028,0.085,0.0,0.028,0.84,0.069,0,0,1
587727226764001344,00:01:04.34,-09:40:45.3,31,0.71,0.0,0.065,0.097,0.129,0.0,0.161,0.552,0.295,0,0,1
587727227300872204,00:01:04.89,-09:09:15.6,31,0.194,0.032,0.065,0.71,0.0,0.0,0.806,0.106,0.894,1,0,0
587727180060164309,00:01:05.07,-09:29:03.7,71,0.31,0.0,0.324,0.352,0.014,0.0,0.676,0.059,0.923,1,0,0
587727226764001349,00:01:05.80,-09:42:40.8,30,0.967,0.0,0.0,0.0,0.033,0.0,0.0,0.967,0.0,0,1,0
587727225690259639,00:01:06.37,-10:24:00.9,54,0.0,0.0,0.944,0.056,0.0,0.0,1.0,0.0,1.0,1,0,0
587727227300872325,00:01:06.43,-09:14:00.4,28,0.25,0.0,0.107,0.607,0.036,0.0,0.714,0.045,0.911,1,0,0
587731187814629538,00:01:06.49,+01:03:57.9,26,0.538,0.0,0.038,0.269,0.115,0.038,0.308,0.39,0.438,0,0,1
587730774962602216,00:01:07.75,+15:28:10.1,35,0.971,0.0,0.0,0.029,0.0,0.0,0.029,0.971,0.029,0,1,0
587730772815118548,00:01:08.69,+13:51:25.7,35,0.657,0.057,0.0,0.286,0.0,0.0,0.343,0.276,0.724,1,0,0
587730773888860471,00:01:09.04,+14:35:30.3,36,0.306,0.472,0.028,0.167,0.028,0.0,0.667,0.069,0.896,1,0,0
588015509269512339,00:01:09.42,+00:05:04.1,54,0.426,0.019,0.056,0.5,0.0,0.0,0.574,0.134,0.866,1,0,0
587727225690259651,00:01:09.72,-10:32:34.9,26,0.923,0.0,0.0,0.077,0.0,0.0,0.077,0.72,0.28,0,0,1
587730774962602228,00:01:10.17,+15:27:15.3,55,0.818,0.018,0.018,0.055,0.091,0.0,0.091,0.649,0.231,0,0,1
587727226227130437,00:01:11.15,-10:01:55.7,22,0.455,0.091,0.091,0.273,0.091,0.0,0.455,0.341,0.562,0,0,1
587730775499538660,00:01:11.47,+15:59:09.2,31,0.323,0.0,0.29,0.355,0.032,0.0,0.645,0.08,0.879,1,0,0
587727179523358823,00:01:11.87,-09:45:55.5,29,0.793,0.0,0.0,0.0,0.034,0.172,0.0,0.793,0.0,0,0,1
587730774962602106,00:01:12.00,+15:28:42.3,66,0.197,0.015,0.591,0.152,0.045,0.0,0.758,0.091,0.86,1,0,0
587727222487384310,00:01:12.03,+15:21:04.9,25,0.36,0.0,0.6,0.04,0.0,0.0,0.64,0.336,0.664,0,0,1
588015507658899571,00:01:12.64,-01:13:41.9,27,0.852,0.0,0.0,0.074,0.074,0.0,0.074,0.624,0.254,0,0,1
587727177912746086,00:01:13.06,-11:06:13.1,65,0.585,0.046,0.092,0.246,0.031,0.0,0.385,0.364,0.599,1,0,0
587731185130274947,00:01:13.45,-00:59:34.6,25,0.68,0.0,0.0,0.24,0.08,0.0,0.24,0.291,0.567,0,0,1
587727222487384315,00:01:13.72,+15:10:04.8,26,0.654,0.0,0.0,0.038,0.154,0.154,0.038,0.606,0.069,0,0,1
587730775499538553,00:01:14.28,+15:47:40.1,32,0.719,0.0,0.062,0.219,0.0,0.0,0.281,0.387,0.613,1,0,0
587730774425796737,00:01:14.39,+15:07:01.7,28,0.821,0.0,0.0,0.071,0.107,0.0,0.071,0.684,0.181,0,0,1
587730774962667752,00:01:14.50,+15:25:34.2,24,0.875,0.0,0.042,0.083,0.0,0.0,0.125,0.536,0.464,1,0,0
587727220876771494,00:01:15.17,+14:00:08.5,51,0.412,0.118,0.059,0.392,0.02,0.0,0.569,0.104,0.868,1,0,0
588015508195770487,00:01:15.47,-00:48:10.9,39,0.282,0.026,0.385,0.205,0.051,0.051,0.615,0.052,0.818,1,0,0
587730773888860481,00:01:15.62,+14:40:00.0,29,0.552,0.069,0.103,0.276,0.0,0.0,0.448,0.227,0.773,0,0,1
587727223561191596,00:01:16.49,+16:10:57.4,36,0.778,0.0,0.0,0.083,0.139,0.0,0.083,0.689,0.158,0,0,1
587730774425796742,00:01:16.70,+14:57:49.0,29,0.828,0.034,0.069,0.0,0.034,0.034,0.103,0.802,0.128,0,1,0
587731185130340514,00:01:17.80,-00:56:12.0,49,0.857,0.0,0.0,0.082,0.0,0.061,0.082,0.855,0.084,0,1,0
587727227837743203,00:01:17.97,-08:45:59.1,22,0.727,0.0,0.045,0.182,0.045,0.0,0.227,0.712,0.242,0,0,1
587727225690259660,00:01:18.04,-10:25:34.1,28,0.036,0.893,0.0,0.036,0.036,0.0,0.929,0.016,0.948,1,0,0
587730774962667763,00:01:18.83,+15:28:03.0,31,0.871,0.032,0.065,0.0,0.032,0.0,0.097,0.812,0.155,0,0,1
587731187814695005,00:01:19.26,+01:05:15.4,34,0.676,0.0,0.0,0.147,0.147,0.029,0.147,0.362,0.349,0,0,1
588015508732641351,00:01:20.41,-00:13:24.7,30,0.5,0.1,0.0,0.267,0.133,0.0,0.367,0.155,0.642,0,0,1
587730772815118429,00:01:20.48,+13:44:48.2,35,0.857,0.057,0.029,0.029,0.029,0.0,0.114,0.846,0.125,0,1,0
587727227837743210,00:01:21.06,-08:54:52.2,52,0.808,0.0,0.038,0.077,0.077,0.0,0.115,0.599,0.294,0,0,1
587727227300872350,00:01:22.77,-09:12:01.5,33,0.364,0.273,0.0,0.303,0.03,0.03,0.576,0.069,0.847,1,0,0
587730774962667779,00:01:23.04,+15:33:04.2,57,0.86,0.0,0.035,0.035,0.07,0.0,0.07,0.784,0.14,0,0,1
587731185130340390,00:01:23.74,-00:51:06.9,46,0.478,0.065,0.022,0.326,0.043,0.065,0.413,0.295,0.58,0,0,1
587730773888925911,00:01:23.90,+14:33:13.4,62,0.581,0.032,0.016,0.21,0.145,0.016,0.258,0.176,0.54,0,0,1
587731187277824089,00:01:24.34,+00:43:49.5,23,0.565,0.043,0.087,0.217,0.087,0.0,0.348,0.283,0.598,0,0,1
587727223024320565,00:01:24.46,+15:42:39.3,30,0.667,0.0,0.0,0.033,0.3,0.0,0.033,0.532,0.081,0,0,1
587730774425796768,00:01:24.60,+14:58:10.2,50,0.66,0.12,0.04,0.18,0.0,0.0,0.34,0.173,0.827,1,0,0
587730772815184059,00:01:25.96,+13:48:27.3,29,0.207,0.034,0.586,0.138,0.0,0.034,0.759,0.083,0.88,0,0,1
587727220876837097,00:01:26.11,+14:00:05.1,63,0.127,0.048,0.524,0.206,0.079,0.016,0.778,0.03,0.866,1,0,0
587731186204082386,00:01:26.33,-00:01:43.1,59,0.881,0.017,0.0,0.0,0.085,0.017,0.017,0.881,0.017,0,1,0
587731186204082371,00:01:26.36,-00:12:33.1,35,0.886,0.029,0.0,0.029,0.057,0.0,0.057,0.873,0.07,0,1,0
587727178986487929,00:01:26.64,-10:11:51.9,44,0.795,0.0,0.0,0.114,0.091,0.0,0.114,0.689,0.21,0,0,1
588015509806383242,00:01:26.98,+00:26:06.9,30,0.533,0.033,0.033,0.267,0.133,0.0,0.333,0.337,0.504,0,0,1
587730773352054837,00:01:27.33,+14:11:26.9,68,0.088,0.015,0.0,0.897,0.0,0.0,0.912,0.016,0.984,1,0,0
587730774962667790,00:01:28.16,+15:22:31.8,33,0.303,0.091,0.03,0.515,0.03,0.03,0.636,0.216,0.722,1,0,0
588015508732641374,00:01:28.50,-00:13:27.9,27,0.037,0.0,0.963,0.0,0.0,0.0,0.963,0.023,0.977,1,0,0
587730773888925926,00:01:29.34,+14:43:35.3,54,0.148,0.0,0.019,0.833,0.0,0.0,0.852,0.027,0.973,1,0,0
588015510343254137,00:01:29.95,+01:02:52.3,30,0.5,0.0,0.333,0.133,0.033,0.0,0.467,0.271,0.689,0,0,1
588015508732641381,00:01:30.24,-00:14:46.5,38,0.289,0.079,0.237,0.342,0.053,0.0,0.658,0.132,0.809,1,0,0
588015508195770525,00:01:30.27,-00:48:47.5,27,0.741,0.037,0.0,0.037,0.185,0.0,0.074,0.734,0.08,0,0,1
587731187277824105,00:01:30.34,+00:45:08.4,28,0.714,0.0,0.0,0.107,0.143,0.036,0.107,0.489,0.255,0,0,1
587727226227195979,00:01:30.35,-10:08:02.4,54,0.593,0.056,0.093,0.185,0.074,0.0,0.333,0.224,0.658,0,0,1
587731185667211356,00:01:30.49,-00:30:30.6,35,0.657,0.057,0.057,0.086,0.143,0.0,0.2,0.34,0.436,0,0,1
587731187277824108,00:01:30.51,+00:39:29.9,63,0.159,0.016,0.587,0.206,0.016,0.016,0.81,0.046,0.919,1,0,0
587727226227195977,00:01:30.58,-09:58:56.0,53,0.868,0.0,0.0,0.038,0.094,0.0,0.038,0.755,0.123,0,0,1
587727225690325068,00:01:30.63,-10:27:14.1,58,0.552,0.086,0.052,0.293,0.017,0.0,0.431,0.232,0.744,0,0,1
587727221413707929,00:01:31.42,+14:24:26.9,27,0.037,0.778,0.0,0.074,0.0,0.111,0.852,0.019,0.869,1,0,0
587727225690325075,00:01:31.48,-10:28:54.5,60,0.833,0.017,0.017,0.083,0.05,0.0,0.117,0.625,0.305,0,0,1
587731187814695040,00:01:31.63,+01:05:50.7,28,0.571,0.036,0.071,0.214,0.107,0.0,0.321,0.344,0.522,0,0,1
587730773352054986,00:01:32.25,+14:11:07.9,35,0.914,0.029,0.0,0.029,0.029,0.0,0.057,0.887,0.085,0,0,1
588015508195770531,00:01:33.23,-00:43:50.1,65,0.508,0.031,0.0,0.446,0.015,0.0,0.477,0.097,0.877,1,0,0
587727227837743169,00:01:33.26,-08:48:13.7,43,0.698,0.0,0.0,0.209,0.093,0.0,0.209,0.629,0.275,0,0,1
587730774425796793,00:01:33.96,+15:04:53.7,24,0.0,0.0,0.875,0.042,0.0,0.083,0.917,0.0,0.917,1,0,0
587727223561191631,00:01:34.35,+16:00:28.6,23,0.348,0.0,0.043,0.174,0.348,0.087,0.217,0.196,0.298,0,0,1
587731186740953163,00:01:34.63,+00:16:28.0,26,0.962,0.0,0.0,0.0,0.038,0.0,0.0,0.962,0.0,0,1,0
587727227837808788,00:01:34.91,-08:51:54.8,31,0.516,0.129,0.032,0.032,0.258,0.032,0.194,0.511,0.199,0,0,1
587727180597100706,00:01:34.98,-08:57:27.8,63,0.794,0.0,0.032,0.095,0.079,0.0,0.127,0.69,0.223,0,0,1
587730773888925938,00:01:35.20,+14:32:36.8,26,0.577,0.0,0.0,0.308,0.115,0.0,0.308,0.378,0.484,0,0,1
587730773888925943,00:01:35.60,+14:39:33.8,31,0.871,0.0,0.0,0.065,0.065,0.0,0.065,0.871,0.065,0,0,1
588015508732641394,00:01:35.73,-00:23:42.6,32,0.062,0.094,0.688,0.156,0.0,0.0,0.938,0.034,0.966,1,0,0
587727178449617063,00:01:36.65,-10:36:18.8,32,0.344,0.375,0.0,0.188,0.094,0.0,0.562,0.088,0.79,0,0,1
587727221413707961,00:01:37.68,+14:30:09.1,35,0.6,0.0,0.171,0.171,0.057,0.0,0.343,0.223,0.684,1,0,0
587730772815183955,00:01:38.29,+13:45:09.6,24,0.792,0.0,0.042,0.083,0.083,0.0,0.125,0.661,0.242,0,0,1
587730772815184076,00:01:38.44,+13:49:37.5,31,0.742,0.0,0.032,0.065,0.161,0.0,0.097,0.597,0.206,0,0,1
587727178449682514,00:01:39.87,-10:46:01.6,60,0.783,0.0,0.033,0.033,0.133,0.017,0.067,0.783,0.067,0,0,1
587731185667211384,00:01:40.18,-00:33:50.6,68,0.926,0.015,0.0,0.029,0.015,0.015,0.044,0.915,0.055,0,1,0
587731187814695060,00:01:40.21,+01:05:31.2,27,0.407,0.0,0.0,0.593,0.0,0.0,0.593,0.207,0.793,1,0,0
587730772815184085,00:01:40.83,+13:50:20.3,29,0.621,0.0,0.103,0.034,0.241,0.0,0.138,0.416,0.268,0,0,1
587731186204082435,00:01:41.19,-00:02:57.1,35,0.314,0.286,0.057,0.343,0.0,0.0,0.686,0.082,0.918,1,0,0
588015510343319643,00:01:41.26,+01:01:02.1,25,0.12,0.12,0.32,0.32,0.08,0.04,0.76,0.022,0.847,1,0,0
587727223024320753,00:01:42.00,+15:39:08.0,34,0.676,0.029,0.029,0.265,0.0,0.0,0.324,0.202,0.798,1,0,0
588015508732706995,00:01:42.92,-00:16:43.6,32,0.906,0.0,0.0,0.031,0.0,0.062,0.031,0.906,0.031,0,1,0
587727177912811683,00:01:44.23,-11:12:22.0,45,0.8,0.089,0.0,0.022,0.089,0.0,0.111,0.772,0.138,0,0,1
587727222487449835,00:01:44.41,+15:12:15.1,44,0.864,0.0,0.023,0.068,0.045,0.0,0.091,0.856,0.099,0,1,0
587727221950578830,00:01:44.57,+14:53:51.5,29,0.897,0.0,0.0,0.103,0.0,0.0,0.103,0.791,0.209,0,0,1
587730775499538643,00:01:45.42,+15:58:04.3,61,0.361,0.0,0.016,0.607,0.016,0.0,0.623,0.089,0.889,1,0,0
587731187277824135,00:01:46.42,+00:45:01.7,32,0.406,0.0,0.344,0.219,0.031,0.0,0.562,0.186,0.776,0,0,1
587727221413707989,00:01:47.08,+14:20:51.9,22,0.591,0.0,0.0,0.182,0.227,0.0,0.182,0.337,0.347,0,0,1
587727227300937866,00:01:47.31,-09:17:23.5,27,0.889,0.037,0.0,0.074,0.0,0.0,0.111,0.889,0.111,0,1,0
587727179523424327,00:01:48.10,-09:45:46.9,66,0.591,0.015,0.045,0.258,0.076,0.015,0.318,0.332,0.548,0,0,1
587727180597166239,00:01:48.63,-09:04:14.6,33,0.788,0.0,0.0,0.03,0.121,0.061,0.03,0.786,0.032,0,0,1
587731187277824148,00:01:48.66,+00:43:49.9,34,0.794,0.0,0.059,0.059,0.088,0.0,0.118,0.382,0.414,0,0,1
587727226764066944,00:01:48.75,-09:34:34.6,36,0.722,0.0,0.0,0.028,0.111,0.139,0.028,0.722,0.028,0,0,1
587731185667211409,00:01:48.91,-00:36:05.8,76,0.211,0.013,0.079,0.684,0.013,0.0,0.776,0.04,0.945,1,0,0
587727178986553443,00:01:49.10,-10:13:14.6,40,0.4,0.25,0.0,0.1,0.225,0.025,0.35,0.106,0.543,0,0,1
587727221413708006,00:01:49.53,+14:26:22.9,29,0.655,0.069,0.069,0.138,0.069,0.0,0.276,0.517,0.407,0,0,1
587730774962667849,00:01:49.57,+15:24:38.8,28,0.429,0.0,0.0,0.536,0.036,0.0,0.536,0.098,0.85,1,0,0
588015509806448799,00:01:49.57,+00:34:01.0,34,0.971,0.0,0.029,0.0,0.0,0.0,0.029,0.949,0.051,0,1,0
587727226764066934,00:01:49.57,-09:41:37.8,36,0.944,0.0,0.0,0.028,0.028,0.0,0.028,0.937,0.035,0,1,0
587727221413708009,00:01:49.78,+14:30:48.0,52,0.923,0.0,0.0,0.077,0.0,0.0,0.077,0.839,0.161,0,0,1
587727227837808746,00:01:50.18,-08:47:42.7,26,0.769,0.0,0.038,0.115,0.077,0.0,0.154,0.368,0.472,0,0,1
588015510343319664,00:01:50.32,+01:01:55.3,25,0.8,0.0,0.0,0.04,0.0,0.16,0.04,0.8,0.04,0,0,1
587727222487449853,00:01:50.87,+15:15:18.1,58,0.155,0.172,0.034,0.621,0.017,0.0,0.828,0.028,0.953,1,0,0
588015508195836021,00:01:50.89,-00:39:13.7,28,0.143,0.607,0.0,0.036,0.0,0.214,0.643,0.127,0.658,0,0,1
587727180060295268,00:01:51.29,-09:24:30.4,29,0.0,0.034,0.0,0.966,0.0,0.0,1.0,0.0,1.0,1,0,0
587727221413708014,00:01:51.33,+14:27:54.1,27,0.444,0.074,0.0,0.407,0.074,0.0,0.481,0.126,0.768,1,0,0
587727178986553454,00:01:52.34,-10:19:26.5,51,0.804,0.059,0.0,0.02,0.078,0.039,0.078,0.622,0.214,0,0,1
587730774425862334,00:01:52.41,+14:59:12.7,34,0.735,0.0,0.0,0.059,0.176,0.029,0.059,0.527,0.163,0,0,1
587730774425862345,00:01:53.36,+15:02:02.4,25,0.96,0.0,0.0,0.04,0.0,0.0,0.04,0.917,0.083,0,0,1
587727226764066969,00:01:53.50,-09:42:29.0,24,0.417,0.458,0.042,0.042,0.042,0.0,0.542,0.143,0.802,1,0,0
587727223561257129,00:01:53.70,+16:08:15.5,28,0.0,0.036,0.0,0.964,0.0,0.0,1.0,0.0,1.0,1,0,0
587727177912811621,00:01:54.04,-11:01:53.5,66,0.576,0.03,0.015,0.227,0.152,0.0,0.273,0.168,0.565,0,0,1
587727180597166190,00:01:54.76,-08:56:03.6,63,0.667,0.079,0.048,0.143,0.063,0.0,0.27,0.626,0.31,0,0,1
587727221950578862,00:01:55.08,+14:51:08.8,25,0.08,0.84,0.0,0.08,0.0,0.0,0.92,0.027,0.973,1,0,0
588015509269577878,00:01:55.24,+00:02:51.9,56,0.196,0.0,0.018,0.464,0.036,0.286,0.482,0.063,0.574,0,0,1
588015509806448831,00:01:55.41,+00:32:46.7,27,0.222,0.074,0.222,0.444,0.037,0.0,0.741,0.097,0.862,0,0,1
587727223024386231,00:01:55.96,+15:37:06.6,32,0.844,0.031,0.031,0.062,0.031,0.0,0.125,0.812,0.156,0,1,0
587730773352120459,00:01:56.61,+14:13:06.7,38,0.579,0.184,0.026,0.132,0.053,0.026,0.342,0.139,0.717,0,0,1
587731187814760571,00:01:56.84,+01:09:24.7,23,0.609,0.0,0.0,0.13,0.13,0.13,0.13,0.561,0.172,0,0,1
587727225690325040,00:01:57.24,-10:31:17.3,70,0.714,0.0,0.014,0.057,0.171,0.043,0.071,0.714,0.071,0,0,1
587727221413708028,00:01:57.28,+14:30:48.5,59,0.153,0.119,0.22,0.441,0.068,0.0,0.78,0.103,0.828,0,0,1
587730774962733276,00:01:57.95,+15:28:21.2,35,0.971,0.0,0.0,0.029,0.0,0.0,0.029,0.914,0.086,0,1,0
587727225153454232,00:01:58.08,-10:57:24.1,24,0.625,0.042,0.0,0.167,0.125,0.042,0.208,0.61,0.223,0,0,1
587730774962733280,00:01:58.42,+15:30:14.6,33,0.485,0.03,0.03,0.455,0.0,0.0,0.515,0.085,0.915,1,0,0
587727225690325139,00:01:58.97,-10:33:25.9,27,0.815,0.0,0.074,0.074,0.037,0.0,0.148,0.683,0.275,0,0,1
587731185130406004,00:01:59.00,-00:57:52.1,53,0.642,0.0,0.0,0.075,0.264,0.019,0.075,0.611,0.101,0,0,1
587730774425862186,00:02:00.83,+15:01:32.3,26,0.846,0.038,0.0,0.038,0.077,0.0,0.077,0.844,0.079,0,1,0
587727179523424358,00:02:00.90,-09:45:48.1,33,0.515,0.03,0.0,0.242,0.212,0.0,0.273,0.346,0.408,0,0,1
588015508732706966,00:02:00.92,-00:20:35.3,48,0.104,0.604,0.042,0.167,0.042,0.042,0.812,0.031,0.881,1,0,0
587731186741018817,00:02:01.83,+00:20:49.2,56,0.857,0.0,0.036,0.018,0.071,0.018,0.054,0.857,0.054,0,1,0
588015507658965108,00:02:02.70,-01:05:08.9,35,0.514,0.057,0.057,0.343,0.0,0.029,0.457,0.24,0.723,1,0,0
588015509269577819,00:02:02.81,+00:04:36.7,52,0.962,0.0,0.019,0.0,0.019,0.0,0.019,0.941,0.04,0,0,1
587727179523424363,00:02:02.96,-09:48:14.2,29,0.655,0.0,0.0,0.069,0.138,0.138,0.069,0.638,0.084,0,0,1
587727225690325058,00:02:02.96,-10:30:38.0,29,0.793,0.103,0.0,0.069,0.034,0.0,0.172,0.793,0.172,0,0,1
587727226764066999,00:02:03.09,-09:36:51.4,50,0.22,0.02,0.5,0.2,0.06,0.0,0.72,0.134,0.804,1,0,0
588015509806448889,00:02:03.14,+00:36:28.7,30,0.567,0.033,0.133,0.167,0.1,0.0,0.333,0.207,0.635,0,0,1
587730773888991357,00:02:03.49,+14:40:02.0,46,0.783,0.043,0.043,0.022,0.109,0.0,0.109,0.739,0.15,0,0,1
587731187277889699,00:02:03.61,+00:37:54.7,29,0.966,0.0,0.0,0.034,0.0,0.0,0.034,0.918,0.082,0,1,0
587731185667276822,00:02:03.65,-00:33:37.2,35,0.886,0.0,0.029,0.0,0.057,0.029,0.029,0.862,0.051,0,0,1
587730772815249544,00:02:03.71,+13:44:51.3,58,0.655,0.017,0.034,0.241,0.052,0.0,0.293,0.655,0.293,0,0,1
587731185130406019,00:02:03.75,-00:54:25.3,55,0.273,0.0,0.018,0.673,0.018,0.018,0.691,0.134,0.826,1,0,0
587730774425862374,00:02:03.92,+15:03:18.5,37,0.432,0.0,0.216,0.27,0.081,0.0,0.486,0.171,0.724,1,0,0
587730774962733143,00:02:03.99,+15:24:14.2,49,0.429,0.0,0.0,0.0,0.265,0.306,0.0,0.429,0.0,0,0,1
587727177912811649,00:02:04.11,-11:13:38.2,29,0.69,0.103,0.069,0.138,0.0,0.0,0.31,0.554,0.446,0,0,1
587727177912811646,00:02:04.26,-11:02:41.4,28,0.5,0.036,0.143,0.286,0.036,0.0,0.464,0.094,0.846,1,0,0
588015507658965120,00:02:04.70,-01:03:29.2,69,0.855,0.014,0.058,0.029,0.043,0.0,0.101,0.586,0.339,0,0,1
587727225153519678,00:02:05.13,-10:55:02.0,30,0.367,0.033,0.0,0.0,0.167,0.433,0.033,0.364,0.035,0,0,1
587727177912811659,00:02:05.65,-11:12:38.1,33,0.061,0.818,0.0,0.121,0.0,0.0,0.939,0.034,0.966,1,0,0
587727178986553501,00:02:06.09,-10:18:43.3,48,0.875,0.042,0.0,0.042,0.042,0.0,0.083,0.786,0.168,0,0,1
587727225690390711,00:02:06.14,-10:27:53.7,46,0.783,0.022,0.0,0.065,0.13,0.0,0.087,0.726,0.138,0,0,1
587727178986553395,00:02:06.34,-10:13:06.8,69,0.029,0.246,0.072,0.652,0.0,0.0,0.971,0.029,0.971,1,0,0
587727227300937903,00:02:06.36,-09:12:08.0,36,0.222,0.0,0.056,0.667,0.056,0.0,0.722,0.097,0.842,1,0,0
587727226764067012,00:02:06.50,-09:42:44.5,62,0.435,0.0,0.081,0.355,0.097,0.032,0.435,0.16,0.667,0,0,1
587730774962733311,00:02:08.30,+15:26:58.7,29,0.483,0.103,0.034,0.276,0.069,0.034,0.414,0.221,0.644,0,0,1
587727225153519686,00:02:08.48,-10:56:41.4,52,0.75,0.0,0.058,0.077,0.077,0.038,0.135,0.52,0.316,0,0,1
587727226227261490,00:02:08.48,-10:04:28.0,54,0.667,0.037,0.0,0.074,0.074,0.148,0.111,0.589,0.174,0,0,1
588015508195836058,00:02:09.03,-00:42:44.7,32,0.469,0.0,0.031,0.469,0.031,0.0,0.5,0.363,0.605,1,0,0
588015509806448863,00:02:09.11,+00:33:11.7,61,0.77,0.0,0.0,0.148,0.082,0.0,0.148,0.706,0.21,0,0,1
587727225690390757,00:02:09.39,-10:25:09.5,32,0.094,0.281,0.0,0.281,0.156,0.188,0.562,0.035,0.605,0,0,1
587727225153519692,00:02:10.12,-10:50:44.7,50,0.78,0.02,0.08,0.02,0.1,0.0,0.12,0.626,0.252,0,0,1
587730773352120483,00:02:10.20,+14:08:10.4,54,0.926,0.0,0.0,0.074,0.0,0.0,0.074,0.926,0.074,0,1,0
587727226227261583,00:02:10.27,-10:03:19.0,36,0.722,0.028,0.056,0.167,0.028,0.0,0.25,0.262,0.68,0,0,1
587731185130406039,00:02:10.65,-00:57:59.3,27,0.852,0.0,0.0,0.037,0.111,0.0,0.037,0.852,0.037,0,1,0
587730774962733325,00:02:10.69,+15:25:57.0,27,0.556,0.037,0.0,0.333,0.074,0.0,0.37,0.139,0.733,0,0,1
587730774962733320,00:02:10.75,+15:23:42.7,28,0.821,0.036,0.0,0.071,0.071,0.0,0.107,0.806,0.123,0,0,1
587727226764132426,00:02:10.83,-09:42:56.5,35,0.171,0.0,0.0,0.829,0.0,0.0,0.829,0.025,0.975,1,0,0
587727177912811707,00:02:11.76,-11:07:29.4,62,0.565,0.145,0.032,0.226,0.032,0.0,0.403,0.487,0.48,0,0,1
588015509269577925,00:02:12.57,+00:00:17.0,48,0.583,0.042,0.021,0.25,0.104,0.0,0.312,0.21,0.62,0,0,1
588015508195836063,00:02:12.58,-00:40:49.5,60,0.65,0.0,0.033,0.167,0.117,0.033,0.2,0.284,0.457,0,0,1
588015508732706983,00:02:12.77,-00:18:09.1,28,0.5,0.0,0.143,0.321,0.036,0.0,0.464,0.184,0.766,1,0,0
587730774425862417,00:02:13.68,+14:58:33.8,27,0.815,0.0,0.037,0.111,0.037,0.0,0.148,0.759,0.203,0,0,1
587731186204147841,00:02:13.95,-00:01:15.4,33,0.242,0.182,0.0,0.455,0.121,0.0,0.636,0.049,0.804,0,0,1
587731187277889719,00:02:13.97,+00:46:28.0,70,0.943,0.0,0.014,0.029,0.014,0.0,0.043,0.889,0.095,0,1,0
587727221413773686,00:02:14.78,+14:29:16.1,55,0.091,0.327,0.055,0.382,0.145,0.0,0.764,0.032,0.816,0,0,1
587730773888991473,00:02:15.93,+14:40:18.5,25,0.04,0.0,0.92,0.04,0.0,0.0,0.96,0.012,0.988,1,0,0
588015509806514263,00:02:16.42,+00:26:04.8,29,0.793,0.0,0.103,0.103,0.0,0.0,0.207,0.535,0.465,0,0,1
587727226227261512,00:02:16.73,-10:03:31.9,21,0.571,0.0,0.0,0.429,0.0,0.0,0.429,0.162,0.838,1,0,0
588015510343385161,00:02:16.90,+00:54:33.6,24,0.625,0.0,0.0,0.125,0.25,0.0,0.125,0.527,0.2,0,0,1
587727178449748084,00:02:17.41,-10:40:41.0,47,0.787,0.0,0.021,0.064,0.106,0.021,0.085,0.755,0.116,0,0,1
588015508732772465,00:02:17.54,-00:20:36.5,62,0.597,0.081,0.048,0.194,0.081,0.0,0.323,0.224,0.645,0,0,1
587730772815249581,00:02:18.08,+13:46:41.7,31,0.323,0.0,0.484,0.129,0.065,0.0,0.613,0.27,0.665,0,0,1
587727177912877125,00:02:18.21,-11:01:39.5,30,0.667,0.067,0.133,0.1,0.033,0.0,0.3,0.667,0.3,0,0,1
587727223024386292,00:02:19.21,+15:37:59.7,23,0.304,0.0,0.348,0.348,0.0,0.0,0.696,0.056,0.944,1,0,0
587727226764132436,00:02:19.53,-09:45:25.6,46,0.5,0.0,0.348,0.13,0.022,0.0,0.478,0.309,0.666,1,0,0
587727226227261516,00:02:19.55,-10:01:11.5,30,0.533,0.0,0.033,0.367,0.067,0.0,0.4,0.177,0.721,1,0,0
588015508195901549,00:02:19.98,-00:49:48.4,47,0.66,0.021,0.0,0.085,0.213,0.021,0.106,0.633,0.131,0,0,1
588015510343385169,00:02:21.24,+00:56:14.3,62,0.048,0.032,0.0,0.919,0.0,0.0,0.952,0.0090,0.991,1,0,0
587730774962733367,00:02:22.04,+15:25:11.1,33,0.788,0.0,0.03,0.061,0.121,0.0,0.091,0.767,0.111,0,0,1
587731187277889746,00:02:22.35,+00:39:39.9,29,0.897,0.0,0.0,0.069,0.034,0.0,0.069,0.824,0.139,0,0,1
587730773888991484,00:02:22.63,+14:43:52.6,35,0.6,0.0,0.029,0.286,0.086,0.0,0.314,0.279,0.594,0,0,1
587730774425862289,00:02:23.18,+15:06:59.1,28,0.679,0.0,0.0,0.179,0.143,0.0,0.179,0.534,0.302,0,0,1
588015509806514280,00:02:24.66,+00:32:06.6,31,0.774,0.0,0.0,0.065,0.161,0.0,0.065,0.774,0.065,0,0,1
587727222487515236,00:02:25.62,+15:21:56.7,30,0.033,0.667,0.2,0.067,0.0,0.033,0.933,0.0090,0.957,1,0,0
587727180060360933,00:02:25.75,-09:21:59.9,21,0.381,0.19,0.0,0.286,0.143,0.0,0.476,0.133,0.684,0,0,1
587730774962733379,00:02:25.94,+15:30:13.7,36,0.722,0.0,0.056,0.167,0.056,0.0,0.222,0.722,0.222,0,0,1
587727225153519711,00:02:26.68,-10:55:58.6,25,0.6,0.0,0.28,0.08,0.04,0.0,0.36,0.163,0.764,1,0,0
587727179523489881,00:02:27.16,-09:53:01.3,64,0.578,0.031,0.109,0.219,0.062,0.0,0.359,0.154,0.736,1,0,0
587730773888991409,00:02:27.23,+14:33:33.5,31,0.903,0.0,0.0,0.032,0.065,0.0,0.032,0.882,0.052,0,1,0
587727223561257225,00:02:27.29,+16:04:42.5,22,0.182,0.0,0.091,0.045,0.045,0.636,0.136,0.117,0.16,0,0,1
588015509269643351,00:02:28.07,+00:08:22.4,31,0.161,0.645,0.032,0.161,0.0,0.0,0.839,0.073,0.927,1,0,0
587727179523489891,00:02:28.70,-09:47:01.7,37,0.568,0.054,0.027,0.351,0.0,0.0,0.432,0.453,0.547,1,0,0
587730774962798744,00:02:28.81,+15:27:09.0,28,0.643,0.0,0.0,0.071,0.143,0.143,0.071,0.561,0.126,0,0,1
588015508195901494,00:02:29.50,-00:45:34.0,35,0.086,0.0,0.057,0.829,0.029,0.0,0.886,0.031,0.939,1,0,0
588015509806514294,00:02:29.77,+00:27:37.0,46,0.196,0.0,0.0,0.543,0.261,0.0,0.543,0.129,0.601,0,0,1
588015510343385188,00:02:29.80,+00:53:16.4,34,0.824,0.0,0.029,0.088,0.059,0.0,0.118,0.725,0.211,0,0,1
587727225153519717,00:02:30.21,-10:54:06.6,23,0.261,0.304,0.043,0.304,0.087,0.0,0.652,0.166,0.743,0,0,1
587727178986618918,00:02:30.63,-10:13:14.6,25,0.48,0.04,0.12,0.24,0.12,0.0,0.4,0.231,0.615,0,0,1
587730773888991429,00:02:30.84,+14:36:48.8,33,0.697,0.061,0.03,0.152,0.061,0.0,0.242,0.274,0.61,0,0,1
587727178986619025,00:02:31.34,-10:17:41.7,61,0.131,0.033,0.0,0.836,0.0,0.0,0.869,0.026,0.974,1,0,0
587727221413773593,00:02:31.50,+14:24:01.2,24,0.083,0.0,0.792,0.083,0.042,0.0,0.875,0.022,0.934,1,0,0
587727223024451703,00:02:32.51,+15:37:27.2,30,0.9,0.0,0.0,0.067,0.033,0.0,0.067,0.883,0.084,0,1,0
587727220876902662,00:02:33.63,+14:04:57.5,32,0.031,0.719,0.062,0.156,0.0,0.031,0.938,0.0070,0.961,1,0,0
587727225690390690,00:02:33.93,-10:25:24.3,30,0.667,0.0,0.1,0.1,0.067,0.067,0.2,0.56,0.297,0,0,1
587727220876902664,00:02:34.44,+13:58:00.9,52,0.808,0.0,0.019,0.077,0.096,0.0,0.096,0.76,0.141,0,0,1
588015508195901580,00:02:34.72,-00:40:56.4,34,0.794,0.0,0.029,0.118,0.029,0.029,0.147,0.69,0.246,0,0,1
587731187277955173,00:02:35.16,+00:42:14.5,34,0.912,0.0,0.0,0.029,0.059,0.0,0.029,0.891,0.049,0,1,0
587727180060360822,00:02:36.13,-09:31:04.6,51,0.549,0.039,0.118,0.275,0.02,0.0,0.431,0.118,0.848,1,0,0
588015509806514333,00:02:36.20,+00:25:16.3,22,0.955,0.0,0.0,0.045,0.0,0.0,0.045,0.916,0.084,0,0,1
588015509806514336,00:02:36.36,+00:29:44.6,56,0.875,0.018,0.0,0.036,0.071,0.0,0.054,0.852,0.076,0,0,1
587730775499669670,00:02:36.44,+15:48:23.3,62,0.677,0.0,0.065,0.081,0.161,0.016,0.145,0.546,0.252,0,0,1
587730774425927834,00:02:36.47,+14:58:29.6,28,0.536,0.0,0.179,0.25,0.036,0.0,0.429,0.216,0.734,1,0,0
587730772815315036,00:02:37.16,+13:45:49.6,31,0.387,0.258,0.0,0.323,0.0,0.032,0.581,0.08,0.875,1,0,0
588015508732772505,00:02:37.55,-00:22:27.3,50,0.76,0.02,0.1,0.12,0.0,0.0,0.24,0.462,0.538,0,0,1
587727221413838976,00:02:37.78,+14:32:05.9,31,0.387,0.0,0.032,0.581,0.0,0.0,0.613,0.05,0.95,1,0,0
587730773889056951,00:02:38.36,+14:38:48.8,42,0.357,0.429,0.024,0.119,0.024,0.048,0.571,0.2,0.72,1,0,0
587730774425927738,00:02:38.57,+15:03:47.8,31,0.548,0.0,0.129,0.258,0.032,0.032,0.387,0.234,0.674,1,0,0
587731186741084255,00:02:38.70,+00:23:09.9,36,0.861,0.0,0.028,0.056,0.028,0.028,0.083,0.779,0.161,0,0,1
587727223561322670,00:02:38.81,+16:01:03.4,48,0.583,0.167,0.021,0.146,0.042,0.042,0.333,0.293,0.592,0,0,1
587731185667342459,00:02:39.60,-00:30:57.1,34,0.853,0.0,0.0,0.088,0.059,0.0,0.088,0.803,0.137,0,1,0
588015510343385206,00:02:39.65,+00:56:33.6,69,0.014,0.957,0.029,0.0,0.0,0.0,0.986,0.014,0.986,1,0,0
588015510343385213,00:02:39.90,+01:00:40.6,32,0.781,0.062,0.0,0.156,0.0,0.0,0.219,0.651,0.349,0,0,1
588015507659030729,00:02:40.05,-01:07:50.6,20,0.85,0.0,0.0,0.0,0.15,0.0,0.0,0.85,0.0,0,1,0
587727220876968118,00:02:40.87,+13:57:34.0,60,0.367,0.05,0.0,0.517,0.067,0.0,0.567,0.367,0.567,0,0,1
588015509269643379,00:02:41.21,+00:04:59.7,19,0.526,0.053,0.053,0.211,0.105,0.053,0.316,0.177,0.578,0,0,1
587727220876968212,00:02:41.69,+14:01:41.5,25,0.04,0.0,0.04,0.88,0.04,0.0,0.92,0.0080,0.95,1,0,0
587731187814826082,00:02:42.60,+01:03:01.0,37,0.459,0.0,0.0,0.189,0.297,0.054,0.189,0.353,0.264,0,0,1
587727223024451741,00:02:42.66,+15:46:20.6,36,0.556,0.056,0.083,0.194,0.083,0.028,0.333,0.296,0.558,0,0,1
588015508732772569,00:02:43.07,-00:24:34.0,33,0.061,0.0,0.0,0.939,0.0,0.0,0.939,0.012,0.988,1,0,0
587727226227327015,00:02:43.09,-10:00:39.2,32,0.531,0.0,0.188,0.094,0.125,0.062,0.281,0.24,0.494,0,0,1
588015509806514365,00:02:43.09,+00:34:19.2,34,0.853,0.029,0.0,0.0,0.118,0.0,0.029,0.847,0.035,0,1,0
587727178449748118,00:02:43.28,-10:43:15.3,34,0.853,0.059,0.029,0.029,0.029,0.0,0.118,0.669,0.292,0,0,1
587731185667342479,00:02:44.64,-00:30:35.2,24,0.708,0.167,0.042,0.0,0.0,0.083,0.208,0.648,0.267,0,0,1
587730772815315056,00:02:45.33,+13:44:18.2,29,0.897,0.0,0.0,0.034,0.069,0.0,0.034,0.764,0.137,0,0,1
587727225690456143,00:02:45.39,-10:34:29.5,32,0.688,0.0,0.031,0.125,0.156,0.0,0.156,0.619,0.219,0,0,1
587731185130471577,00:02:45.40,-00:59:36.6,67,0.06,0.0,0.672,0.239,0.015,0.015,0.91,0.027,0.942,1,0,0
587727179523489920,00:02:47.48,-09:48:58.0,61,0.344,0.016,0.492,0.098,0.033,0.016,0.607,0.235,0.713,0,0,1
587730772815314960,00:02:47.69,+13:53:52.1,28,0.357,0.071,0.0,0.214,0.214,0.143,0.286,0.103,0.42,0,0,1
587727180597231723,00:02:47.86,-09:02:42.2,28,0.321,0.036,0.0,0.536,0.107,0.0,0.571,0.118,0.753,0,0,1
587730774962798805,00:02:47.92,+15:30:48.0,31,0.806,0.0,0.065,0.097,0.032,0.0,0.161,0.806,0.161,0,0,1
588015509806514377,00:02:48.88,+00:28:34.2,41,0.951,0.0,0.0,0.0,0.049,0.0,0.0,0.951,0.0,0,1,0
587727226227327033,00:02:48.90,-10:08:24.8,34,0.676,0.029,0.0,0.118,0.088,0.088,0.147,0.635,0.185,0,0,1
587727180060360857,00:02:49.04,-09:25:47.2,55,0.727,0.036,0.0,0.036,0.2,0.0,0.073,0.661,0.126,0,0,1
587731187277955213,00:02:49.07,+00:45:04.8,21,0.286,0.0,0.0,0.0,0.048,0.667,0.0,0.286,0.0,0,0,1
587727177912877107,00:02:49.13,-11:07:35.0,24,0.25,0.042,0.0,0.667,0.042,0.0,0.708,0.216,0.742,0,0,1
587727223024451765,00:02:50.56,+15:46:19.3,54,0.426,0.241,0.074,0.222,0.037,0.0,0.537,0.162,0.791,1,0,0
587727223561322712,00:02:51.24,+16:04:23.0,24,0.833,0.0,0.0,0.167,0.0,0.0,0.167,0.824,0.176,0,1,0
587727178449748132,00:02:51.38,-10:38:17.2,26,0.192,0.538,0.0,0.115,0.154,0.0,0.654,0.066,0.763,0,0,1
587727220876968225,00:02:51.51,+14:03:31.0,29,0.552,0.034,0.103,0.103,0.172,0.034,0.241,0.161,0.485,0,0,1
587727223024451767,00:02:51.58,+15:39:17.4,56,0.018,0.857,0.018,0.018,0.0,0.089,0.893,0.0050,0.905,1,0,0
588015509269708902,00:02:51.61,+00:08:00.7,68,0.471,0.147,0.044,0.206,0.132,0.0,0.397,0.153,0.656,0,0,1
588015509806579799,00:02:51.73,+00:25:45.6,24,0.667,0.0,0.0,0.25,0.083,0.0,0.25,0.661,0.255,0,0,1
587727223561322718,00:02:51.97,+16:03:14.2,26,0.192,0.0,0.192,0.462,0.115,0.038,0.654,0.088,0.747,0,0,1
587731187277955231,00:02:52.10,+00:39:34.4,55,0.291,0.0,0.0,0.655,0.055,0.0,0.655,0.09,0.844,1,0,0
587731187814826103,00:02:52.34,+01:07:01.6,65,0.4,0.0,0.246,0.292,0.062,0.0,0.538,0.141,0.78,0,0,1
588015509269708903,00:02:52.70,+00:00:29.9,22,0.818,0.0,0.0,0.091,0.091,0.0,0.091,0.719,0.179,0,0,1
587727226227327040,00:02:52.84,-10:08:27.9,50,0.72,0.02,0.02,0.1,0.12,0.02,0.14,0.588,0.251,0,0,1
588015510343450869,00:02:53.20,+00:56:49.6,48,0.062,0.0,0.0,0.938,0.0,0.0,0.938,0.017,0.983,1,0,0
587727225153585342,00:02:54.30,-10:53:14.1,53,0.717,0.019,0.038,0.057,0.094,0.075,0.113,0.717,0.113,0,0,1
587727180060360863,00:02:54.40,-09:30:58.1,62,0.887,0.0,0.0,0.048,0.065,0.0,0.048,0.838,0.094,0,0,1
587727223024451783,00:02:55.67,+15:40:41.4,56,0.911,0.0,0.0,0.018,0.071,0.0,0.018,0.819,0.083,0,0,1
588015508195967068,00:02:56.55,-00:47:33.8,51,0.725,0.02,0.098,0.078,0.078,0.0,0.196,0.487,0.407,0,0,1
587731187277955130,00:02:56.63,+00:46:21.5,59,0.881,0.017,0.017,0.051,0.017,0.017,0.085,0.84,0.125,0,0,1
587727226227327044,00:02:56.80,-10:03:33.3,60,0.55,0.083,0.017,0.067,0.1,0.183,0.167,0.468,0.232,0,0,1
587727178449813514,00:02:57.20,-10:43:30.5,50,0.48,0.0,0.0,0.0,0.34,0.18,0.0,0.48,0.0,0,0,1
587730773889056992,00:02:57.28,+14:42:14.8,24,0.75,0.0,0.042,0.167,0.042,0.0,0.208,0.293,0.615,0,0,1
587730773352186024,00:02:57.86,+14:09:50.2,58,0.793,0.0,0.0,0.155,0.052,0.0,0.155,0.785,0.163,0,0,1
587731187814826117,00:02:57.87,+01:07:54.7,26,0.846,0.038,0.038,0.0,0.077,0.0,0.077,0.774,0.144,0,0,1
587727179523555414,00:02:57.88,-09:57:17.3,59,0.729,0.034,0.017,0.136,0.085,0.0,0.186,0.473,0.407,0,0,1
588015509806579818,00:02:58.04,+00:30:16.6,29,0.793,0.0,0.034,0.069,0.103,0.0,0.103,0.726,0.166,0,0,1
587730773352186030,00:02:58.10,+14:18:23.5,28,0.643,0.0,0.107,0.179,0.071,0.0,0.286,0.232,0.64,0,0,1
587731186204213315,00:02:58.11,-00:11:01.4,58,0.81,0.0,0.017,0.052,0.103,0.017,0.069,0.807,0.072,0,0,1
588015509269708809,00:02:58.59,+00:08:31.2,19,0.895,0.053,0.0,0.0,0.053,0.0,0.053,0.895,0.053,0,1,0
587731186741084316,00:02:59.42,+00:18:15.6,56,0.661,0.018,0.036,0.196,0.089,0.0,0.25,0.523,0.378,0,0,1
587727226227327047,00:02:59.99,-10:01:00.8,56,0.679,0.0,0.089,0.214,0.018,0.0,0.304,0.227,0.738,1,0,0
588015509806579822,00:03:00.47,+00:34:14.0,29,0.931,0.0,0.0,0.034,0.034,0.0,0.034,0.927,0.038,0,1,0
587731185130471602,00:03:00.98,-00:56:47.7,26,0.885,0.0,0.038,0.038,0.038,0.0,0.077,0.744,0.207,0,0,1
588015509269708821,00:03:01.20,+00:03:38.7,35,0.257,0.029,0.0,0.571,0.086,0.057,0.6,0.057,0.769,0,0,1
588015508732838032,00:03:01.47,-00:19:01.9,33,0.091,0.0,0.03,0.879,0.0,0.0,0.909,0.02,0.98,1,0,0
587727223024451814,00:03:01.66,+15:40:30.0,53,0.358,0.019,0.038,0.264,0.132,0.189,0.321,0.205,0.428,0,0,1
587727223561322743,00:03:02.61,+16:07:31.2,35,0.171,0.086,0.0,0.686,0.029,0.029,0.771,0.024,0.91,1,0,0
587730773352186042,00:03:03.36,+14:15:46.4,30,0.2,0.033,0.0,0.767,0.0,0.0,0.8,0.064,0.936,1,0,0
587730775499735176,00:03:03.41,+15:48:02.9,36,0.611,0.056,0.028,0.222,0.083,0.0,0.306,0.178,0.668,0,0,1
587730774962864237,00:03:04.05,+15:31:48.1,24,0.875,0.0,0.0,0.083,0.0,0.042,0.083,0.622,0.304,0,0,1
587730772815315011,00:03:04.30,+13:45:01.9,41,0.098,0.0,0.561,0.341,0.0,0.0,0.902,0.031,0.969,1,0,0
587730772815315094,00:03:04.79,+13:51:48.0,31,0.677,0.0,0.0,0.194,0.097,0.032,0.194,0.655,0.216,0,0,1
587727220876968102,00:03:05.15,+13:55:34.8,47,0.596,0.0,0.128,0.149,0.106,0.021,0.277,0.252,0.548,0,0,1
587727226227327058,00:03:05.67,-10:03:01.0,35,0.543,0.086,0.029,0.314,0.029,0.0,0.429,0.13,0.822,1,0,0
587730774962864246,00:03:06.15,+15:30:12.4,27,0.037,0.0,0.667,0.037,0.0,0.259,0.704,0.0060,0.727,0,0,1
587730774425993324,00:03:06.58,+14:59:03.6,30,0.667,0.0,0.067,0.067,0.167,0.033,0.133,0.667,0.133,0,0,1
587727223561388166,00:03:06.59,+16:07:51.1,33,0.879,0.0,0.03,0.03,0.061,0.0,0.061,0.834,0.104,0,0,1
587730775499735181,00:03:06.59,+15:55:24.8,34,0.588,0.265,0.059,0.059,0.029,0.0,0.382,0.485,0.484,1,0,0
587727222487580957,00:03:07.65,+15:17:07.0,24,0.625,0.125,0.0,0.167,0.083,0.0,0.292,0.414,0.484,0,0,1
587730775499735284,00:03:08.14,+15:58:37.3,33,0.121,0.0,0.667,0.212,0.0,0.0,0.879,0.029,0.971,1,0,0
